#V3.30
#C data file created using the SS_writedat function in the R package r4ss
#C should work with SS version: 
#C file write time: 2020-07-07 09:09:03
#
1960 #_styr
2015 #_endyr
1 #_nseas
12 #_months_per_seas
2 #_Nsubseasons
1 #_spawn_month
2 #_Ngenders
31 #_Nages
1 #_N_areas
6 #_Nfleets
#_fleetinfo
#_type	surveytiming	area	units	need_catch_mult	fleetname
1	-1.0	1	1	0	F1_COM_GOM  	#_1
1	-1.0	1	1	0	F2_COM_SA   	#_2
1	-1.0	1	1	0	F3_RecMEX   	#_3
1	-1.0	1	2	0	F4_MEN_DSC  	#_4
3	 0.5	1	2	0	S1_LPS      	#_5
3	 0.5	1	2	0	S5_NMFS_LLSE	#_6
#_Catch data
#_year	season	fleet	catch	catch_se
 -999	1	1	   0.000000	0.05	#_1         
 1960	1	1	   0.773654	0.05	#_2         
 1961	1	1	   1.547310	0.05	#_3         
 1962	1	1	   2.320960	0.05	#_4         
 1963	1	1	   3.094620	0.05	#_5         
 1964	1	1	   3.868270	0.05	#_6         
 1965	1	1	   4.641920	0.05	#_7         
 1966	1	1	   5.415580	0.05	#_8         
 1967	1	1	   6.189230	0.05	#_9         
 1968	1	1	   6.962890	0.05	#_10        
 1969	1	1	   7.736540	0.05	#_11        
 1970	1	1	   8.510200	0.05	#_12        
 1971	1	1	   9.283850	0.05	#_13        
 1972	1	1	  10.057500	0.05	#_14        
 1973	1	1	  10.831200	0.05	#_15        
 1974	1	1	  11.604800	0.05	#_16        
 1975	1	1	  12.378500	0.05	#_17        
 1976	1	1	  17.565900	0.05	#_18        
 1977	1	1	  24.927200	0.05	#_19        
 1978	1	1	  35.373300	0.05	#_20        
 1979	1	1	  50.197200	0.05	#_21        
 1980	1	1	  71.233200	0.05	#_22        
 1981	1	1	 101.085000	0.05	#_23        
 1982	1	1	 101.085000	0.05	#_24        
 1983	1	1	 109.199000	0.05	#_25        
 1984	1	1	 149.146000	0.05	#_26        
 1985	1	1	 138.535000	0.05	#_27        
 1986	1	1	 411.252000	0.05	#_28        
 1987	1	1	1177.360000	0.05	#_29        
 1988	1	1	1701.550000	0.05	#_30        
 1989	1	1	2280.160000	0.05	#_31        
 1990	1	1	1902.550000	0.05	#_32        
 1991	1	1	1933.720000	0.05	#_33        
 1992	1	1	1511.500000	0.05	#_34        
 1993	1	1	 983.212000	0.05	#_35        
 1994	1	1	2021.810000	0.05	#_36        
 1995	1	1	1103.430000	0.05	#_37        
 1996	1	1	 619.535000	0.05	#_38        
 1997	1	1	 413.669000	0.05	#_39        
 1998	1	1	 485.083000	0.05	#_40        
 1999	1	1	 370.274000	0.05	#_41        
 2000	1	1	 435.971000	0.05	#_42        
 2001	1	1	 606.437000	0.05	#_43        
 2002	1	1	 738.598000	0.05	#_44        
 2003	1	1	 606.683000	0.05	#_45        
 2004	1	1	 448.202000	0.05	#_46        
 2005	1	1	 398.223000	0.05	#_47        
 2006	1	1	 571.640000	0.05	#_48        
 2007	1	1	 169.813000	0.05	#_49        
 2008	1	1	  20.702200	0.05	#_50        
 2009	1	1	  84.355500	0.05	#_51        
 2010	1	1	  55.994600	0.05	#_52        
 2011	1	1	  70.801200	0.05	#_53        
 2012	1	1	  35.034200	0.05	#_54        
 2013	1	1	  26.434600	0.05	#_55        
 2014	1	1	  23.992000	0.05	#_56        
 2015	1	1	  33.569500	0.05	#_57        
 -999	1	2	   0.000000	0.05	#_58        
 1960	1	2	   0.331001	0.05	#_59        
 1961	1	2	   0.662002	0.05	#_60        
 1962	1	2	   0.993003	0.05	#_61        
 1963	1	2	   1.324000	0.05	#_62        
 1964	1	2	   1.655010	0.05	#_63        
 1965	1	2	   1.986010	0.05	#_64        
 1966	1	2	   2.317010	0.05	#_65        
 1967	1	2	   2.648010	0.05	#_66        
 1968	1	2	   2.979010	0.05	#_67        
 1969	1	2	   3.310010	0.05	#_68        
 1970	1	2	   3.641010	0.05	#_69        
 1971	1	2	   3.972010	0.05	#_70        
 1972	1	2	   4.303010	0.05	#_71        
 1973	1	2	   4.634020	0.05	#_72        
 1974	1	2	   4.965020	0.05	#_73        
 1975	1	2	   5.296020	0.05	#_74        
 1976	1	2	   7.515410	0.05	#_75        
 1977	1	2	  10.664900	0.05	#_76        
 1978	1	2	  15.134200	0.05	#_77        
 1979	1	2	  21.476400	0.05	#_78        
 1980	1	2	  30.476500	0.05	#_79        
 1981	1	2	  43.248200	0.05	#_80        
 1982	1	2	  43.248200	0.05	#_81        
 1983	1	2	  46.719800	0.05	#_82        
 1984	1	2	  63.810600	0.05	#_83        
 1985	1	2	  59.270800	0.05	#_84        
 1986	1	2	 150.478000	0.05	#_85        
 1987	1	2	 431.809000	0.05	#_86        
 1988	1	2	1009.810000	0.05	#_87        
 1989	1	2	1215.080000	0.05	#_88        
 1990	1	2	 760.689000	0.05	#_89        
 1991	1	2	 169.251000	0.05	#_90        
 1992	1	2	 676.595000	0.05	#_91        
 1993	1	2	 582.450000	0.05	#_92        
 1994	1	2	 936.132000	0.05	#_93        
 1995	1	2	 795.656000	0.05	#_94        
 1996	1	2	 644.451000	0.05	#_95        
 1997	1	2	 395.803000	0.05	#_96        
 1998	1	2	 456.923000	0.05	#_97        
 1999	1	2	 720.838000	0.05	#_98        
 2000	1	2	 533.740000	0.05	#_99        
 2001	1	2	 509.461000	0.05	#_100       
 2002	1	2	 771.153000	0.05	#_101       
 2003	1	2	 552.946000	0.05	#_102       
 2004	1	2	 501.448000	0.05	#_103       
 2005	1	2	 543.773000	0.05	#_104       
 2006	1	2	 517.982000	0.05	#_105       
 2007	1	2	 303.511000	0.05	#_106       
 2008	1	2	  46.054300	0.05	#_107       
 2009	1	2	  39.960700	0.05	#_108       
 2010	1	2	  26.525600	0.05	#_109       
 2011	1	2	  33.539700	0.05	#_110       
 2012	1	2	  16.596300	0.05	#_111       
 2013	1	2	  26.861000	0.05	#_112       
 2014	1	2	  51.932000	0.05	#_113       
 2015	1	2	  71.008400	0.05	#_114       
 -999	1	3	   0.000000	0.05	#_115       
 1960	1	3	   0.010649	0.05	#_116       
 1961	1	3	   0.021298	0.05	#_117       
 1962	1	3	   0.031947	0.05	#_118       
 1963	1	3	   0.042596	0.05	#_119       
 1964	1	3	   0.053245	0.05	#_120       
 1965	1	3	   0.063894	0.05	#_121       
 1966	1	3	   0.074543	0.05	#_122       
 1967	1	3	   0.085192	0.05	#_123       
 1968	1	3	   0.095841	0.05	#_124       
 1969	1	3	   0.106490	0.05	#_125       
 1970	1	3	   0.117139	0.05	#_126       
 1971	1	3	   0.127788	0.05	#_127       
 1972	1	3	   0.138437	0.05	#_128       
 1973	1	3	   0.149086	0.05	#_129       
 1974	1	3	   0.159735	0.05	#_130       
 1975	1	3	   0.170384	0.05	#_131       
 1976	1	3	   0.763608	0.05	#_132       
 1977	1	3	   3.422250	0.05	#_133       
 1978	1	3	  15.337500	0.05	#_134       
 1979	1	3	  68.737800	0.05	#_135       
 1980	1	3	 308.061000	0.05	#_136       
 1981	1	3	1380.640000	0.05	#_137       
 1982	1	3	1078.810000	0.05	#_138       
 1983	1	3	1861.780000	0.05	#_139       
 1984	1	3	1203.430000	0.05	#_140       
 1985	1	3	 972.105000	0.05	#_141       
 1986	1	3	1281.170000	0.05	#_142       
 1987	1	3	 719.569000	0.05	#_143       
 1988	1	3	1090.750000	0.05	#_144       
 1989	1	3	 769.462000	0.05	#_145       
 1990	1	3	1052.750000	0.05	#_146       
 1991	1	3	 842.977000	0.05	#_147       
 1992	1	3	 879.999000	0.05	#_148       
 1993	1	3	 806.093000	0.05	#_149       
 1994	1	3	 747.470000	0.05	#_150       
 1995	1	3	 866.874000	0.05	#_151       
 1996	1	3	1050.960000	0.05	#_152       
 1997	1	3	 790.726000	0.05	#_153       
 1998	1	3	 716.409000	0.05	#_154       
 1999	1	3	 703.515000	0.05	#_155       
 2000	1	3	 282.332000	0.05	#_156       
 2001	1	3	 327.298000	0.05	#_157       
 2002	1	3	 202.946000	0.05	#_158       
 2003	1	3	 176.459000	0.05	#_159       
 2004	1	3	 172.164000	0.05	#_160       
 2005	1	3	 167.435000	0.05	#_161       
 2006	1	3	 175.042000	0.05	#_162       
 2007	1	3	 181.978000	0.05	#_163       
 2008	1	3	 130.144000	0.05	#_164       
 2009	1	3	 116.170000	0.05	#_165       
 2010	1	3	 127.905000	0.05	#_166       
 2011	1	3	  79.503500	0.05	#_167       
 2012	1	3	 101.171000	0.05	#_168       
 2013	1	3	  99.635500	0.05	#_169       
 2014	1	3	  90.087300	0.05	#_170       
 2015	1	3	  91.574200	0.05	#_171       
 -999	1	4	   0.100000	0.05	#_172       
 1960	1	4	   0.469105	0.05	#_173       
 1961	1	4	   0.469105	0.05	#_174       
 1962	1	4	   0.469105	0.05	#_175       
 1963	1	4	   0.469105	0.05	#_176       
 1964	1	4	   0.469105	0.05	#_177       
 1965	1	4	   0.469105	0.05	#_178       
 1966	1	4	   0.469105	0.05	#_179       
 1967	1	4	   0.469105	0.05	#_180       
 1968	1	4	   0.469105	0.05	#_181       
 1969	1	4	   0.469105	0.05	#_182       
 1970	1	4	   0.469105	0.05	#_183       
 1971	1	4	   0.469105	0.05	#_184       
 1972	1	4	   0.469105	0.05	#_185       
 1973	1	4	   0.469105	0.05	#_186       
 1974	1	4	   0.469105	0.05	#_187       
 1975	1	4	   0.469105	0.05	#_188       
 1976	1	4	   0.469105	0.05	#_189       
 1977	1	4	   0.469105	0.05	#_190       
 1978	1	4	   0.469105	0.05	#_191       
 1979	1	4	   0.469105	0.05	#_192       
 1980	1	4	   0.469105	0.05	#_193       
 1981	1	4	   0.696075	0.05	#_194       
 1982	1	4	   0.713477	0.05	#_195       
 1983	1	4	   0.704776	0.05	#_196       
 1984	1	4	   0.704776	0.05	#_197       
 1985	1	4	   0.635168	0.05	#_198       
 1986	1	4	   0.626467	0.05	#_199       
 1987	1	4	   0.652570	0.05	#_200       
 1988	1	4	   0.635168	0.05	#_201       
 1989	1	4	   0.669972	0.05	#_202       
 1990	1	4	   0.652570	0.05	#_203       
 1991	1	4	   0.504654	0.05	#_204       
 1992	1	4	   0.443748	0.05	#_205       
 1993	1	4	   0.452449	0.05	#_206       
 1994	1	4	   0.478551	0.05	#_207       
 1995	1	4	   0.452449	0.05	#_208       
 1996	1	4	   0.443748	0.05	#_209       
 1997	1	4	   0.452449	0.05	#_210       
 1998	1	4	   0.435047	0.05	#_211       
 1999	1	4	   0.478551	0.05	#_212       
 2000	1	4	   0.408944	0.05	#_213       
 2001	1	4	   0.382841	0.05	#_214       
 2002	1	4	   0.374140	0.05	#_215       
 2003	1	4	   0.365439	0.05	#_216       
 2004	1	4	   0.374140	0.05	#_217       
 2005	1	4	   0.374140	0.05	#_218       
 2006	1	4	   0.356738	0.05	#_219       
 2007	1	4	   0.356738	0.05	#_220       
 2008	1	4	   0.356738	0.05	#_221       
 2009	1	4	   0.356738	0.05	#_222       
 2010	1	4	   0.356738	0.05	#_223       
 2011	1	4	   0.356738	0.05	#_224       
 2012	1	4	   0.321935	0.05	#_225       
 2013	1	4	   0.304533	0.05	#_226       
 2014	1	4	   0.269729	0.05	#_227       
 2015	1	4	   0.269729	0.05	#_228       
-9999	0	0	   0.000000	0.00	#_terminator
#_CPUE_and_surveyabundance_observations
#_Units:  0=numbers; 1=biomass; 2=F; >=30 for special types
#_Errtype:  -1=normal; 0=lognormal; >0=T
#_SD_Report: 0=no sdreport; 1=enable sdreport
#_Fleet	Units	Errtype	SD_Report
1	0	0	0	#_F1_COM_GOM  
2	0	0	0	#_F2_COM_SA   
3	0	0	0	#_F3_RecMEX   
4	0	0	0	#_F4_MEN_DSC  
5	0	0	0	#_S1_LPS      
6	0	0	0	#_S5_NMFS_LLSE
#
#_CPUE_data
#_year	seas	index	obs	se_log
 1986	7	5	1.183	0.257699	#_1         
 1987	7	5	0.363	0.362442	#_2         
 1988	7	5	1.184	0.330853	#_3         
 1989	7	5	1.352	0.221123	#_4         
 1990	7	5	0.471	0.305914	#_5         
 1991	7	5	0.762	0.299264	#_6         
 1992	7	5	0.584	0.320877	#_7         
 1993	7	5	0.261	0.937693	#_8         
 1994	7	5	0.175	0.806350	#_9         
 1995	7	5	0.138	0.962632	#_10        
 1996	7	5	0.164	0.982583	#_11        
 1997	7	5	0.198	0.803024	#_12        
 1998	7	5	0.051	1.664240	#_13        
 1999	7	5	0.081	1.398230	#_14        
 2000	7	5	0.085	1.446440	#_15        
 2001	7	5	0.370	1.080670	#_16        
 2002	7	5	0.145	1.293480	#_17        
 2003	7	5	0.066	0.984245	#_18        
 2004	7	5	0.030	1.107280	#_19        
 2005	7	5	0.156	0.776423	#_20        
 2006	7	5	0.046	1.310110	#_21        
 2007	7	5	0.104	0.736521	#_22        
 2008	7	5	0.135	0.743172	#_23        
 2009	7	5	0.201	0.645080	#_24        
 2010	7	5	0.106	0.666693	#_25        
 2011	7	5	0.086	0.846251	#_26        
 2012	7	5	0.070	1.147180	#_27        
 2013	7	5	0.275	0.570264	#_28        
 2014	7	5	0.461	0.565276	#_29        
 2015	7	5	0.232	0.598527	#_30        
 1995	7	6	0.215	0.533808	#_31        
 1996	7	6	0.110	0.815779	#_32        
 1997	7	6	0.199	0.510131	#_33        
 1999	7	6	0.090	0.779187	#_34        
 2000	7	6	0.137	0.561790	#_35        
 2001	7	6	0.205	0.445557	#_36        
 2002	7	6	0.151	0.385289	#_37        
 2003	7	6	0.170	0.449862	#_38        
 2004	7	6	0.131	0.473539	#_39        
 2005	7	6	0.049	1.110660	#_40        
 2006	7	6	0.083	0.712461	#_41        
 2007	7	6	0.214	0.652192	#_42        
 2008	7	6	0.162	0.591924	#_43        
 2009	7	6	0.409	0.344392	#_44        
 2010	7	6	0.478	0.359459	#_45        
 2011	7	6	0.371	0.303495	#_46        
 2012	7	6	0.636	0.299191	#_47        
 2013	7	6	0.443	0.359459	#_48        
 2014	7	6	0.480	0.398203	#_49        
 2015	7	6	0.704	0.286276	#_50        
-9999	0	0	0.000	0.000000	#_terminator
0 #_N_discard_fleets
#_discard_units (1=same_as_catchunits(bio/num); 2=fraction; 3=numbers)
#_discard_errtype:  >0 for DF of T-dist(read CV below); 0 for normal with CV; -1 for normal with se; -2 for lognormal
#
#_discard_fleet_info
#
#_discard_data
#
#_meanbodywt
0 #_use_meanbodywt
 #_DF_for_meanbodywt_T-distribution_like
#
#_population_length_bins
2 # length bin method: 1=use databins; 2=generate from binwidth,min,max below; 3=read vector
5 # binwidth for population size comp
20 # minimum size in the population (lower edge of first bin and size at age 0.00)
260 # maximum size in the population (lower edge of last bin)
1 #_use_lencomp
#
#_len_info
#_mintailcomp	addtocomp	combine_M_F	CompressBins	CompError	ParmSelect	minsamplesize
-0.005	1e-04	0	0	0	0	0	#_F1_COM_GOM  
-0.005	1e-04	0	0	0	0	0	#_F2_COM_SA   
-0.005	1e-04	0	0	0	0	0	#_F3_RecMEX   
-0.005	1e-04	0	0	0	0	0	#_F4_MEN_DSC  
-0.005	1e-04	0	0	0	0	0	#_S1_LPS      
-0.005	1e-04	0	0	0	0	0	#_S5_NMFS_LLSE
49 #_N_lbins
#_lbin_vector
20 25 30 35 40 45 50 55 60 65 70 75 80 85 90 95 100 105 110 115 120 125 130 135 140 145 150 155 160 165 170 175 180 185 190 195 200 205 210 215 220 225 230 235 240 245 250 255 260 #_lbin_vector
#
#_lencomp
#_Yr	Seas	FltSvy	Gender	Part	Nsamp	20	25	30	35	40	45	50	55	60	65	70	75	80	85	90	95	100	105	110	115	120	125	130	135	140	145	150	155	160	165	170	175	180	185	190	195	200	205	210	215	220	225	230	235	240	245	250	255	260	20	25	30	35	40	45	50	55	60	65	70	75	80	85	90	95	100	105	110	115	120	125	130	135	140	145	150	155	160	165	170	175	180	185	190	195	200	205	210	215	220	225	230	235	240	245	250	255	260	
1994	7	1	3	0	32.6334	0	0	0	0	0	0	0	0	0	0	0	0	0	0	0	0	0	0	0	0	0	1	6	12	34	34	65	36	41	24	17	1	0	1	0	0	0	0	0	0	0	0	0	0	0	0	0	0	0	0	0	0	0	0	0	0	0	0	0	0	0	0	0	0	0	0	0	0	0	1	1	6	14	66	51	87	28	24	2	1	0	0	0	0	0	0	0	0	0	0	0	0	0	0	0	0	0	0	#_1
1995	7	1	3	0	26.6715	0	0	0	0	0	0	0	0	0	0	0	1	0	0	0	0	0	0	0	0	0	0	2	8	28	40	40	27	25	8	4	0	0	0	0	0	0	0	0	0	0	0	0	0	0	0	0	0	0	0	0	0	0	0	0	0	0	0	0	0	0	0	0	0	0	0	0	0	0	1	6	19	20	16	10	21	6	1	1	0	0	0	0	0	0	0	0	0	0	0	0	0	0	0	0	0	0	0	#_2
1996	7	1	3	0	27.6129	0	0	0	0	0	0	0	0	0	0	0	0	0	0	0	0	0	0	0	0	0	1	13	22	41	27	30	18	14	3	1	1	0	0	0	0	0	0	0	0	0	0	0	0	0	0	0	0	0	0	0	0	0	0	0	0	0	0	0	0	0	0	0	0	0	0	0	0	0	0	4	10	23	11	14	19	5	3	0	0	0	0	0	0	0	0	0	0	0	0	0	0	0	0	0	0	0	0	#_3
1997	7	1	3	0	32.0058	0	0	0	0	0	0	0	0	0	0	0	0	0	0	0	0	0	0	0	0	0	1	4	7	28	27	63	41	41	14	4	0	0	0	0	0	0	0	0	0	0	0	0	0	0	0	0	0	0	0	0	0	0	0	0	0	0	0	0	0	0	0	0	0	0	0	0	0	0	0	0	1	3	7	3	10	4	0	0	0	0	0	0	0	0	0	0	0	0	0	0	0	0	0	0	0	0	0	#_4
1998	7	1	3	0	34.2023	0	0	0	0	0	0	0	0	0	0	0	0	0	0	0	0	0	0	1	0	1	0	2	11	36	29	47	37	33	18	11	1	1	0	0	0	0	0	0	0	0	0	0	0	0	0	0	0	0	0	0	0	0	0	0	0	0	0	0	0	0	0	1	0	0	0	2	0	0	2	0	1	13	30	22	33	13	9	1	0	0	0	0	0	0	0	0	0	0	0	0	0	0	0	0	0	0	0	#_5
1999	7	1	3	0	22.5924	0	0	0	0	0	0	0	0	0	0	0	0	0	0	0	0	0	0	0	0	0	0	0	1	7	9	25	21	23	10	7	0	0	0	0	0	0	0	0	0	0	0	0	0	0	0	0	0	0	0	0	0	0	0	0	0	0	0	0	0	0	0	0	0	0	0	0	0	0	0	0	0	0	2	2	0	0	0	0	0	0	0	0	1	0	0	0	0	0	0	0	0	0	0	0	0	0	0	#_6
2001	7	1	3	0	73.7388	0	0	0	0	0	0	0	0	0	0	1	0	0	0	0	0	0	0	0	2	5	5	24	23	64	52	48	15	23	9	6	3	0	0	0	0	0	0	0	0	0	0	0	0	0	0	0	0	0	0	0	0	0	0	0	0	0	0	0	0	0	0	0	1	1	0	1	0	1	9	17	41	48	81	69	89	65	36	11	3	0	0	0	0	0	0	0	0	0	0	0	0	0	0	0	0	0	0	#_7
2002	7	1	3	0	43.6157	0	0	0	0	0	0	0	0	0	0	0	0	0	0	0	1	0	0	2	1	6	15	24	23	42	35	47	30	36	27	16	9	5	0	0	2	0	0	0	0	0	0	0	0	0	0	0	0	0	0	0	0	0	0	0	0	0	0	0	0	0	0	0	1	1	0	0	2	2	6	8	29	20	33	28	31	21	14	10	2	1	0	0	0	0	0	0	0	0	0	0	0	0	0	0	0	0	0	#_8
2003	7	1	3	0	57.1084	0	0	0	0	0	0	0	0	0	0	1	1	0	2	1	2	4	4	4	4	16	15	32	33	60	37	65	54	82	44	20	5	2	0	0	0	0	0	0	0	0	0	0	0	0	0	0	0	0	0	0	0	0	0	0	0	0	0	0	0	0	0	1	6	2	2	6	10	12	12	14	49	70	96	56	71	47	31	3	1	0	0	0	0	0	0	0	0	0	0	0	0	0	0	0	0	0	0	#_9
2004	7	1	3	0	62.7565	0	0	0	0	0	0	0	0	0	0	1	0	4	0	1	8	5	9	14	12	27	18	46	64	94	57	82	32	42	18	9	2	3	2	0	0	0	0	0	0	0	0	0	0	0	0	0	0	0	0	0	0	0	0	0	0	0	0	0	0	0	0	0	0	2	3	5	6	5	9	9	40	46	75	67	76	43	26	10	2	1	1	1	0	0	0	0	0	0	0	0	0	0	0	0	0	0	0	#_10
2005	7	1	3	0	29.1818	0	0	0	0	0	0	0	0	0	0	0	0	0	0	0	0	0	0	0	1	0	17	14	34	26	61	44	28	18	39	9	7	3	1	0	1	0	0	0	1	0	0	0	0	0	0	0	0	0	0	0	0	0	0	0	0	0	0	0	0	0	0	0	0	0	0	0	0	1	3	7	17	26	38	33	50	28	21	3	0	2	0	0	0	0	0	0	0	0	0	0	0	0	0	0	0	0	0	#_11
2006	7	1	3	0	1.5689	0	0	0	0	0	0	0	0	0	0	0	0	0	0	0	0	0	0	0	0	3	4	10	25	32	49	39	42	16	25	4	15	5	9	0	0	0	0	0	0	0	0	0	0	0	0	0	0	0	0	0	0	0	0	0	0	0	0	1	0	0	0	0	0	0	0	0	0	1	9	4	16	34	66	54	60	36	41	9	5	3	0	0	0	0	0	0	0	0	0	0	0	0	0	0	0	0	0	#_12
2007	7	1	3	0	0.9413	0	0	0	0	0	0	0	0	0	0	0	0	0	0	0	0	0	0	0	1	1	0	2	2	6	25	17	7	10	5	3	11	0	0	0	0	0	0	0	0	0	0	0	0	0	0	0	0	0	0	0	0	0	0	0	0	0	0	0	0	0	0	0	0	0	0	0	0	2	0	0	2	1	6	42	14	6	7	1	0	0	0	0	0	0	0	0	0	0	0	0	0	0	0	0	0	0	0	#_13
2008	7	1	3	0	1.2551	0	0	0	0	0	0	0	0	0	0	0	0	0	0	0	0	0	0	1	2	0	0	3	3	21	52	34	35	56	28	30	31	5	1	0	0	0	0	0	0	0	0	0	0	0	0	0	0	0	0	0	0	0	0	0	0	0	0	0	0	0	0	0	0	0	1	0	0	1	1	0	0	5	15	23	11	10	9	2	0	0	0	0	0	0	0	0	0	0	0	0	0	0	0	0	0	0	0	#_14
2009	7	1	3	0	0.6276	0	0	0	0	0	0	0	0	0	0	0	0	0	0	0	0	0	0	0	2	0	1	6	5	19	69	65	71	135	83	88	24	13	0	0	1	0	0	0	0	0	0	0	0	0	0	0	0	0	0	0	0	0	0	0	0	0	0	0	0	0	0	0	0	0	0	0	0	1	2	1	6	15	35	215	258	319	437	145	70	11	2	1	0	0	0	0	1	0	0	0	0	0	0	0	0	0	0	#_15
2010	7	1	3	0	0.6276	0	0	0	0	0	0	0	0	0	0	0	0	0	0	0	0	0	0	0	1	0	1	2	6	15	75	84	189	220	98	56	15	8	0	0	1	0	0	0	0	0	0	0	0	0	0	0	0	0	0	0	0	0	0	0	0	0	0	0	0	0	0	0	0	0	0	0	0	2	0	1	5	9	20	164	139	84	77	29	11	2	0	0	0	0	0	0	0	0	0	0	0	0	0	0	0	0	0	#_16
2011	7	1	3	0	1.5689	0	0	0	0	0	0	0	0	0	0	0	0	0	0	3	1	1	3	1	1	1	4	6	12	30	44	102	105	176	82	66	24	7	3	0	0	0	0	0	0	0	0	0	0	0	0	1	0	0	0	0	0	0	0	0	0	0	0	0	0	1	0	0	1	0	0	0	0	2	0	1	3	5	29	30	70	80	87	24	11	1	0	0	0	0	0	0	0	0	0	0	0	0	0	0	0	0	0	#_17
2012	7	1	3	0	3.4516	0	0	0	0	0	0	0	0	0	0	0	0	0	0	0	0	0	0	0	0	0	0	4	4	11	29	52	65	104	41	41	31	2	0	0	0	0	0	0	0	0	0	0	0	0	0	0	0	0	0	0	0	0	0	0	0	0	0	0	0	0	0	0	0	0	0	0	0	0	0	0	3	5	14	43	59	41	45	6	2	1	1	0	0	0	0	0	0	0	0	0	0	0	0	0	0	0	0	#_18
2013	7	1	3	0	1.5689	0	0	0	0	0	0	0	0	0	0	0	0	0	0	0	0	0	0	0	0	2	0	0	3	12	20	108	108	146	67	49	6	8	0	0	0	0	0	0	0	0	0	0	0	0	0	0	0	0	0	0	0	0	0	0	0	0	0	0	0	0	0	0	0	0	0	1	0	1	0	1	1	4	19	54	118	76	38	12	1	0	1	0	0	0	0	0	0	0	0	0	0	0	0	0	0	0	0	#_19
2014	7	1	3	0	0.6276	0	0	0	0	0	0	0	0	0	0	0	0	0	0	0	0	0	1	0	0	0	0	0	1	4	20	81	113	120	63	18	6	0	2	0	0	0	0	0	0	0	0	0	0	0	0	0	0	0	0	0	0	0	0	1	0	0	0	0	0	0	0	0	0	0	0	0	0	0	0	0	0	0	13	31	106	89	85	14	4	0	0	0	0	0	0	0	0	0	0	0	0	0	0	0	0	0	0	#_20
2015	7	1	3	0	0.6276	0	0	0	0	0	0	0	0	0	0	0	0	0	0	0	0	2	0	1	0	0	1	0	10	22	62	90	134	169	64	51	10	1	3	0	1	0	0	0	0	0	0	0	0	0	0	0	0	0	0	0	0	0	0	0	0	0	0	0	0	0	0	0	0	0	0	0	0	0	0	1	2	9	20	39	131	166	156	57	10	1	0	0	0	0	0	0	0	0	0	0	0	0	0	0	0	0	0	#_21
1993	7	2	3	0	3.6602	0	0	0	0	0	0	0	0	0	0	0	0	0	0	0	0	0	0	0	0	1	2	7	2	4	3	2	4	1	0	1	0	0	0	0	0	0	0	0	0	0	0	0	0	0	0	0	0	0	0	0	0	0	0	0	0	0	0	0	0	0	0	0	0	0	0	0	0	0	2	4	5	2	7	6	8	3	0	1	0	0	0	0	0	0	0	0	0	0	0	0	0	0	0	0	0	0	0	#_22
1994	7	2	3	0	10.2484	0	0	0	0	0	0	0	0	0	0	0	0	3	9	21	16	11	5	11	14	53	70	171	114	122	58	42	27	23	14	8	2	3	1	0	0	0	0	0	0	0	0	0	0	0	0	0	0	0	0	0	0	0	0	0	0	0	0	0	0	1	11	9	29	17	10	0	0	3	21	28	63	35	44	23	41	15	11	0	0	0	0	0	0	0	0	0	0	0	0	0	0	0	0	0	0	0	0	#_23
1995	7	2	3	0	17.2309	0	0	0	0	0	0	0	0	1	0	2	9	26	17	79	50	56	38	36	22	50	46	114	133	187	105	109	97	120	55	62	14	6	0	1	0	0	0	0	0	0	0	0	0	0	0	0	0	0	0	0	0	0	0	0	0	0	0	1	1	6	21	34	54	40	27	4	9	8	17	19	59	70	63	42	62	49	31	7	2	2	0	0	0	0	0	0	0	0	0	0	0	0	0	0	0	0	0	#_24
1996	7	2	3	0	21.2289	0	0	0	0	0	0	0	2	5	0	7	3	15	35	61	42	49	40	31	27	30	18	53	79	98	50	59	57	55	23	14	1	1	0	0	0	0	0	0	0	0	0	0	0	0	0	0	0	0	0	0	0	0	0	0	0	1	1	0	12	5	13	35	65	33	40	39	31	19	35	30	56	42	57	39	84	37	15	3	0	0	0	0	0	0	0	0	0	0	0	0	0	0	0	0	0	0	0	#_25
1997	7	2	3	0	12.3882	0	0	0	0	0	0	1	2	4	15	16	8	15	19	27	27	41	36	31	16	23	9	33	34	51	27	39	13	32	9	6	1	0	0	0	0	0	0	0	0	0	0	0	0	0	0	0	0	0	0	0	0	0	0	0	1	8	3	9	18	11	18	19	36	32	40	21	24	8	16	18	39	47	63	42	75	25	15	0	0	0	0	0	0	0	0	0	0	0	0	0	0	0	0	0	0	0	0	#_26
1998	7	2	3	0	21.2852	0	0	0	0	0	0	0	10	10	11	7	20	64	59	107	93	144	82	98	59	61	29	33	36	57	45	55	39	38	23	15	3	1	0	0	0	0	0	0	0	0	0	0	0	0	0	0	0	0	0	0	0	0	0	0	8	4	10	11	17	28	59	75	174	119	209	114	142	83	76	26	33	31	39	33	33	23	14	3	2	2	5	0	0	0	1	0	0	0	0	0	0	0	0	0	0	0	0	#_27
1999	7	2	3	0	13.4018	0	0	0	0	0	0	1	4	14	15	46	25	25	12	17	21	22	12	17	6	12	17	24	34	58	48	73	42	72	38	23	10	3	0	0	0	0	0	0	0	0	0	0	0	0	0	0	0	0	0	0	0	0	0	0	1	7	18	14	44	22	22	18	20	9	26	11	15	7	12	15	20	22	44	47	67	34	16	4	1	0	0	0	0	0	0	0	0	0	0	0	0	0	0	0	0	0	0	#_28
2000	7	2	3	0	20.8910	0	0	0	0	0	0	0	0	0	0	0	1	3	2	8	7	13	10	10	11	3	3	8	10	13	10	32	32	34	22	12	2	1	0	0	0	0	0	0	0	0	0	0	0	0	0	0	0	0	0	0	0	0	0	0	0	0	0	1	0	0	2	2	15	22	37	36	32	29	26	18	21	26	39	36	46	22	21	5	2	0	1	0	0	0	0	0	0	0	0	0	0	0	0	0	0	0	0	#_29
2001	7	2	3	0	21.5104	0	0	0	0	0	0	0	3	1	2	5	4	20	24	30	26	27	17	29	21	30	20	59	58	93	51	106	71	134	61	47	8	4	1	0	0	0	0	0	0	0	0	0	0	0	0	0	0	0	0	0	0	0	0	0	2	4	3	1	2	2	12	20	63	53	75	40	78	58	79	41	48	34	71	55	146	93	72	8	3	0	0	0	0	0	0	1	0	0	0	0	0	0	0	0	0	0	0	#_30
2002	7	2	3	0	10.1359	0	0	0	0	0	0	0	0	0	0	2	2	6	5	9	15	13	5	15	5	8	18	28	37	62	61	86	47	77	33	22	10	4	1	0	0	0	0	0	0	1	0	0	0	0	0	0	0	0	0	0	0	0	0	0	0	0	1	1	0	2	2	6	4	5	6	1	6	4	11	14	23	20	32	32	63	33	39	10	4	1	0	0	0	0	0	0	0	0	0	0	0	0	0	0	0	0	0	#_31
2003	7	2	3	0	13.2892	0	0	0	0	0	0	0	0	0	1	2	3	4	3	8	7	23	14	34	36	59	46	108	92	152	91	110	84	141	74	72	20	10	1	0	0	1	0	1	0	0	0	0	0	0	0	0	0	0	0	0	0	0	0	0	0	0	0	0	0	0	1	0	7	8	15	6	20	17	37	33	83	68	94	72	77	42	39	9	5	1	1	0	0	0	1	0	0	0	0	0	0	0	0	0	0	0	0	#_32
2004	7	2	3	0	10.5300	0	0	0	0	0	0	0	1	1	1	2	2	11	7	14	13	6	6	16	13	12	18	53	62	92	74	82	54	78	28	27	6	4	0	0	0	0	0	0	0	0	0	0	0	0	0	0	0	0	0	0	0	0	0	0	0	0	0	1	2	2	4	7	17	19	4	13	12	16	36	35	53	33	59	36	37	25	19	3	4	1	0	1	1	1	1	0	0	0	0	0	0	0	0	0	0	0	0	#_33
2005	7	2	3	0	5.6310	0	0	0	0	0	0	0	0	0	1	0	0	4	0	2	0	4	1	5	9	19	25	46	43	107	63	67	30	62	34	25	3	4	0	0	0	0	0	0	0	0	0	0	0	0	0	0	0	0	0	0	0	0	0	0	0	0	0	0	1	1	1	0	0	1	1	0	0	1	5	4	16	11	41	32	47	32	55	22	10	1	2	0	0	0	0	0	0	0	0	0	0	0	0	0	0	0	0	#_34
2006	7	2	3	0	0.2253	0	0	0	0	0	0	0	0	0	0	0	0	0	0	0	0	0	2	5	14	32	14	38	11	24	28	33	19	19	7	10	2	1	1	0	0	0	0	0	0	0	0	0	0	0	0	0	0	0	0	0	0	0	0	0	0	0	0	0	0	0	0	0	0	1	2	3	1	12	26	19	35	36	34	27	57	18	20	4	0	0	0	0	0	0	0	0	0	0	0	0	0	0	0	0	0	0	0	#_35
2007	7	2	3	0	0.2253	0	0	0	0	0	0	0	0	0	0	0	0	0	1	0	1	0	0	3	2	7	14	72	66	108	74	90	53	74	40	26	12	1	2	2	1	0	0	0	0	0	0	1	0	0	0	0	0	0	0	0	0	0	0	0	0	0	0	0	0	0	0	0	0	0	0	0	1	1	6	9	11	11	20	20	40	23	10	2	0	0	0	0	0	0	0	0	0	0	0	0	0	0	0	0	0	0	0	#_36
2008	7	2	3	0	0.2253	0	0	0	0	0	0	0	0	0	0	0	0	0	0	0	0	0	0	0	3	0	1	7	7	42	37	49	18	26	13	10	7	3	0	0	0	1	0	0	0	0	0	0	1	0	0	0	0	0	0	0	0	0	0	0	0	0	0	0	0	0	0	0	0	0	0	0	0	1	0	1	5	17	24	18	28	18	13	0	1	0	0	0	0	0	0	1	0	0	0	0	0	0	0	0	0	0	0	#_37
2009	7	2	3	0	0.1690	0	0	0	0	0	0	0	0	0	0	0	0	0	0	0	0	1	0	0	9	9	17	40	50	101	116	68	57	37	13	17	5	2	0	0	0	0	0	0	0	0	0	0	0	0	0	0	0	0	0	0	0	0	0	0	0	0	0	0	0	0	0	0	0	0	0	1	0	11	13	16	85	96	153	168	123	108	42	11	6	0	0	0	0	0	0	0	0	0	0	0	0	0	0	0	0	0	0	#_38
2010	7	2	3	0	0.3941	0	0	0	0	0	0	0	0	1	0	3	2	2	21	14	41	44	18	23	48	9	23	110	89	137	281	161	164	177	78	53	12	8	0	2	0	0	0	0	0	0	0	0	0	0	0	0	0	0	0	0	0	0	0	0	0	3	1	0	1	0	2	30	10	26	31	24	18	37	19	27	52	60	77	143	105	76	64	38	14	6	0	0	0	0	1	0	0	0	0	0	0	0	0	0	0	0	0	#_39
2011	7	2	3	0	0.2816	0	0	0	0	0	0	0	0	0	3	0	0	2	21	20	5	31	2	6	126	50	21	64	82	111	199	177	156	168	95	47	72	9	0	0	0	0	0	0	0	0	0	0	0	0	0	0	0	0	0	0	0	0	0	0	0	1	0	1	0	0	1	7	0	0	32	4	1	62	9	5	13	34	67	237	214	73	36	5	2	5	0	0	0	0	0	0	0	0	0	0	0	0	0	0	0	0	0	#_40
2012	7	2	3	0	0.1690	0	0	0	0	0	0	0	2	1	1	4	2	3	9	6	17	15	14	9	37	23	25	23	21	32	48	80	75	82	46	38	16	5	1	1	0	0	0	0	0	0	0	0	0	0	0	0	0	0	0	0	0	0	0	0	0	0	2	1	3	2	1	3	7	6	4	1	0	6	5	2	10	8	15	42	70	56	58	5	0	0	0	0	0	0	0	0	0	0	0	0	0	0	0	0	0	0	0	#_41
2013	7	2	3	0	0.3379	0	0	0	0	0	0	0	0	0	0	0	0	0	15	28	20	34	21	18	47	19	6	8	9	19	57	110	94	135	69	69	11	2	1	1	1	0	0	0	0	1	0	0	0	0	0	0	0	0	0	0	0	0	0	0	0	0	0	0	0	0	0	0	0	0	0	0	0	2	0	4	1	9	20	66	44	25	13	5	7	3	5	2	1	1	0	1	0	0	0	0	0	0	0	0	0	0	0	#_42
2014	7	2	3	0	0.1690	0	0	0	0	0	0	0	2	0	1	3	5	3	13	35	53	31	75	58	105	45	80	50	51	49	82	146	174	216	81	55	10	3	1	0	0	0	0	0	0	0	0	0	0	0	0	0	0	0	0	0	0	0	0	0	0	0	1	0	0	1	1	1	6	16	4	23	20	52	21	63	20	36	55	98	130	39	25	4	2	2	0	0	0	0	0	0	0	0	0	0	0	0	0	0	0	0	0	#_43
2015	7	2	3	0	0.1126	0	0	0	0	0	0	0	0	0	1	5	6	1	6	7	13	16	27	35	53	41	55	47	76	121	160	264	262	293	132	93	30	14	15	3	3	0	1	0	0	0	0	1	0	0	0	0	0	0	0	0	0	0	0	0	0	3	1	4	8	2	6	12	11	6	2	15	3	23	15	12	8	48	31	95	164	133	99	17	6	5	3	2	1	0	0	0	0	0	0	0	0	0	0	0	0	0	0	#_44
-1981	1	3	0	0	2.4001	0	0	0	0	0	0	0	0	0	1	0	0	0	0	0	0	0	0	0	0	0	0	0	0	0	0	0	0	0	0	0	0	0	0	0	0	0	0	0	0	0	0	0	0	0	0	0	0	0	0	0	0	0	0	0	0	0	0	0	0	0	0	0	0	0	0	0	0	0	0	0	0	0	0	0	0	0	0	0	0	0	0	0	0	0	0	0	0	0	0	0	0	0	0	0	0	0	0	#_45
-1982	1	3	0	0	7.2005	0	0	0	0	0	0	0	5	3	1	1	2	0	0	0	0	1	0	0	1	0	0	0	0	0	0	0	0	0	0	0	1	0	0	0	1	0	0	0	0	0	0	0	0	0	0	0	0	0	0	0	0	0	0	0	0	0	0	0	0	0	0	0	0	0	0	0	0	0	0	0	0	0	0	0	0	0	0	0	0	0	0	0	0	0	0	0	0	0	0	0	0	0	0	0	0	0	0	#_46
1983	7	3	0	0	12.0007	0	0	0	0	0	0	2	7	17	0	1	0	4	1	3	4	2	0	2	0	0	2	1	1	0	0	0	0	0	0	0	0	1	0	0	0	0	0	1	0	0	0	0	0	0	0	0	0	0	0	0	0	0	0	0	0	0	0	0	0	0	0	0	0	0	0	0	0	0	0	0	0	0	0	0	0	0	0	0	0	0	0	0	0	0	0	0	0	0	0	0	0	0	0	0	0	0	0	#_47
-1984	1	3	0	0	4.8004	0	0	0	0	0	0	0	2	1	1	1	1	2	0	1	0	0	0	1	0	0	0	0	0	0	0	0	0	0	0	0	0	1	0	0	0	0	0	0	0	0	0	0	0	0	0	0	0	0	0	0	0	0	0	0	0	0	0	0	0	0	0	0	0	0	0	0	0	0	0	0	0	0	0	0	0	0	0	0	0	0	0	0	0	0	0	0	0	0	0	0	0	0	0	0	0	0	0	#_48
1985	7	3	0	0	16.8011	0	0	0	0	0	0	2	2	5	0	4	3	1	2	8	2	0	0	1	0	2	0	0	0	0	0	0	0	0	0	0	0	1	0	0	1	0	0	0	0	0	0	0	0	0	0	0	0	0	0	0	0	0	0	0	0	0	0	0	0	0	0	0	0	0	0	0	0	0	0	0	0	0	0	0	0	0	0	0	0	0	0	0	0	0	0	0	0	0	0	0	0	0	0	0	0	0	0	#_49
1986	7	3	0	0	16.8011	0	0	0	0	0	0	0	2	16	4	4	3	1	2	7	5	3	0	0	0	0	1	0	1	3	0	1	0	0	0	0	0	0	0	0	0	0	0	0	0	0	0	0	0	0	0	0	0	0	0	0	0	0	0	0	0	0	0	0	0	0	0	0	0	0	0	0	0	0	0	0	0	0	0	0	0	0	0	0	0	0	0	0	0	0	0	0	0	0	0	0	0	0	0	0	0	0	0	#_50
-1987	1	3	0	0	19.2012	0	0	0	0	0	0	0	2	1	1	4	2	0	1	3	7	0	0	1	0	0	0	0	0	0	1	0	0	2	0	0	0	0	1	0	0	0	0	0	0	0	0	0	0	0	0	0	0	0	0	0	0	0	0	0	0	0	0	0	0	0	0	0	0	0	0	0	0	0	0	0	0	0	0	0	0	0	0	0	0	0	0	0	0	0	0	0	0	0	0	0	0	0	0	0	0	0	0	#_51
-1988	1	3	0	0	12.0007	0	0	0	0	0	0	1	2	5	1	2	1	2	2	6	0	0	0	0	0	0	0	0	0	0	0	1	0	0	0	0	0	0	0	0	0	0	0	0	0	0	0	0	0	0	0	0	0	0	0	0	0	0	0	0	0	0	0	0	0	0	0	0	0	0	0	0	0	0	0	0	0	0	0	0	0	0	0	0	0	0	0	0	0	0	0	0	0	0	0	0	0	0	0	0	0	0	0	#_52
1989	7	3	0	0	12.0007	0	0	0	0	0	0	0	1	1	4	21	18	3	0	0	0	3	2	0	0	0	0	1	2	0	0	0	0	0	0	0	0	0	0	0	0	0	0	0	0	0	0	0	0	0	0	0	0	0	0	0	0	0	0	0	0	0	0	0	0	0	0	0	0	0	0	0	0	0	0	0	0	0	0	0	0	0	0	0	0	0	0	0	0	0	0	0	0	0	0	0	0	0	0	0	0	0	0	#_53
-1990	1	3	0	0	9.6006	0	0	0	0	0	0	0	0	7	1	2	0	1	0	1	1	2	0	0	0	1	0	0	0	0	0	0	0	0	0	0	0	0	0	0	0	0	0	0	0	0	0	0	0	0	0	0	0	0	0	0	0	0	0	0	0	0	0	0	0	0	0	0	0	0	0	0	0	0	0	0	0	0	0	0	0	0	0	0	0	0	0	0	0	0	0	0	0	0	0	0	0	0	0	0	0	0	0	#_54
-1991	1	3	0	0	16.8011	0	0	0	0	0	0	1	4	2	2	0	3	0	0	0	0	0	0	0	0	1	0	0	0	0	0	0	0	0	0	0	0	0	0	0	0	0	0	0	0	0	0	0	0	0	0	0	0	0	0	0	0	0	0	0	0	0	0	0	0	0	0	0	0	0	0	0	0	0	0	0	0	0	0	0	0	0	0	0	0	0	0	0	0	0	0	0	0	0	0	0	0	0	0	0	0	0	0	#_55
1992	7	3	0	0	21.6014	0	0	0	0	0	0	1	5	5	12	9	5	4	2	0	0	2	0	0	0	0	0	0	0	0	0	0	0	0	1	0	0	0	0	0	0	0	0	0	0	0	0	0	0	0	0	0	0	0	0	0	0	0	0	0	0	0	0	0	0	0	0	0	0	0	0	0	0	0	0	0	0	0	0	0	0	0	0	0	0	0	0	0	0	0	0	0	0	0	0	0	0	0	0	0	0	0	0	#_56
-1993	1	3	0	0	14.4010	0	0	1	0	0	0	0	2	1	2	1	2	0	5	2	0	0	0	0	0	0	0	0	0	0	0	0	0	0	0	0	0	0	0	1	0	0	0	0	0	0	0	0	0	0	0	0	0	0	0	0	0	0	0	0	0	0	0	0	0	0	0	0	0	0	0	0	0	0	0	0	0	0	0	0	0	0	0	0	0	0	0	0	0	0	0	0	0	0	0	0	0	0	0	0	0	0	0	#_57
-1994	1	3	0	0	19.2012	0	0	0	0	0	0	0	5	6	3	4	1	0	1	0	1	0	0	0	0	0	0	0	0	0	0	0	0	0	0	0	0	0	0	0	0	0	0	0	0	0	0	0	0	0	0	0	0	0	0	0	0	0	0	0	0	0	0	0	0	0	0	0	0	0	0	0	0	0	0	0	0	0	0	0	0	0	0	0	0	0	0	0	0	0	0	0	0	0	0	0	0	0	0	0	0	0	0	#_58
1995	7	3	0	0	14.4010	0	0	0	0	0	0	4	5	4	4	4	2	4	1	2	4	2	0	1	0	0	0	0	0	0	0	0	0	0	0	0	0	0	0	0	0	0	0	0	0	0	0	0	0	0	0	0	0	0	0	0	0	0	0	0	0	0	0	0	0	0	0	0	0	0	0	0	0	0	0	0	0	0	0	0	0	0	0	0	0	0	0	0	0	0	0	0	0	0	0	0	0	0	0	0	0	0	0	#_59
-1996	1	3	0	0	21.6014	0	0	0	0	0	0	2	0	4	4	2	2	3	2	0	0	1	0	0	0	0	0	0	0	0	0	0	0	0	1	0	0	0	0	0	0	0	0	0	0	0	0	0	0	0	0	0	0	0	0	0	0	0	0	0	0	0	0	0	0	0	0	0	0	0	0	0	0	0	0	0	0	0	0	0	0	0	0	0	0	0	0	0	0	0	0	0	0	0	0	0	0	0	0	0	0	0	0	#_60
-1997	1	3	0	0	9.6006	0	0	0	0	0	0	0	4	4	5	8	1	1	0	0	0	0	1	0	0	0	0	0	0	0	0	0	0	0	0	0	0	0	0	0	0	0	0	0	0	0	0	0	0	0	0	0	0	0	0	0	0	0	0	0	0	0	0	0	0	0	0	0	0	0	0	0	0	0	0	0	0	0	0	0	0	0	0	0	0	0	0	0	0	0	0	0	0	0	0	0	0	0	0	0	0	0	0	#_61
1998	7	3	0	0	21.6014	0	0	1	0	0	0	3	2	3	6	6	3	0	1	0	2	1	2	2	0	0	0	0	0	0	0	1	0	0	0	0	0	0	0	0	0	0	0	0	0	0	0	0	0	0	0	0	0	0	0	0	0	0	0	0	0	0	0	0	0	0	0	0	0	0	0	0	0	0	0	0	0	0	0	0	0	0	0	0	0	0	0	0	0	0	0	0	0	0	0	0	0	0	0	0	0	0	0	#_62
-1999	1	3	0	0	16.8011	0	0	0	0	0	0	0	1	3	1	1	1	2	3	0	1	0	0	0	0	0	0	0	0	0	0	0	0	0	0	0	0	0	0	0	0	0	0	0	0	0	0	0	0	0	0	0	0	0	0	0	0	0	0	0	0	0	0	0	0	0	0	0	0	0	0	0	0	0	0	0	0	0	0	0	0	0	0	0	0	0	0	0	0	0	0	0	0	0	0	0	0	0	0	0	0	0	0	#_63
-2000	1	3	0	0	4.8004	0	0	0	0	0	0	0	0	0	0	3	2	2	1	1	0	0	0	0	0	0	0	0	0	0	0	0	0	0	0	0	0	0	0	0	0	0	0	0	0	0	0	0	0	0	0	0	0	0	0	0	0	0	0	0	0	0	0	0	0	0	0	0	0	0	0	0	0	0	0	0	0	0	0	0	0	0	0	0	0	0	0	0	0	0	0	0	0	0	0	0	0	0	0	0	0	0	0	#_64
-2001	1	3	0	0	16.8011	0	0	0	0	0	0	2	5	3	2	2	0	1	0	1	0	0	1	0	0	0	0	0	0	1	0	0	2	0	3	0	0	0	0	0	1	0	0	0	0	0	0	0	0	0	0	0	0	0	0	0	0	0	0	0	0	0	0	0	0	0	0	0	0	0	0	0	0	0	0	0	0	0	0	0	0	0	0	0	0	0	0	0	0	0	0	0	0	0	0	0	0	0	0	0	0	0	0	#_65
-2002	1	3	0	0	9.6006	0	0	0	0	0	0	1	1	1	2	0	0	0	0	0	0	0	0	0	0	0	0	0	0	0	0	0	0	1	0	0	0	0	0	0	0	0	0	1	0	0	0	0	0	0	0	0	0	0	0	0	0	0	0	0	0	0	0	0	0	0	0	0	0	0	0	0	0	0	0	0	0	0	0	0	0	0	0	0	0	0	0	0	0	0	0	0	0	0	0	0	0	0	0	0	0	0	0	#_66
-2003	1	3	0	0	12.0007	0	0	0	0	0	0	0	2	3	3	2	2	1	0	1	0	0	0	0	0	0	0	0	1	0	0	0	0	0	0	0	0	0	0	0	0	0	0	0	0	0	0	0	0	0	0	0	0	0	0	0	0	0	0	0	0	0	0	0	0	0	0	0	0	0	0	0	0	0	0	0	0	0	0	0	0	0	0	0	0	0	0	0	0	0	0	0	0	0	0	0	0	0	0	0	0	0	0	#_67
-2004	1	3	0	0	7.2005	0	0	0	0	0	0	1	0	0	0	0	0	0	0	0	0	0	0	0	0	0	0	0	1	0	1	0	1	0	0	0	0	0	0	0	0	0	0	0	0	0	0	0	0	0	0	0	0	0	0	0	0	0	0	0	0	0	0	0	0	0	0	0	0	0	0	0	0	0	0	0	0	0	0	0	0	0	0	0	0	0	0	0	0	0	0	0	0	0	0	0	0	0	0	0	0	0	0	#_68
-2005	1	3	0	0	9.6006	0	0	0	0	0	0	0	0	1	2	0	0	0	0	1	0	0	0	0	0	1	0	0	0	1	1	0	0	1	0	1	0	1	0	0	0	0	0	0	0	0	0	0	0	0	0	0	0	0	0	0	0	0	0	0	0	0	0	0	0	0	0	0	0	0	0	0	0	0	0	0	0	0	0	0	0	0	0	0	0	0	0	0	0	0	0	0	0	0	0	0	0	0	0	0	0	0	0	#_69
-2006	1	3	0	0	7.2005	0	0	0	0	0	0	0	0	0	0	0	0	0	0	0	0	0	0	0	0	0	0	1	0	0	0	0	0	1	0	0	1	0	0	0	0	0	0	0	0	0	0	0	0	0	0	0	0	0	0	0	0	0	0	0	0	0	0	0	0	0	0	0	0	0	0	0	0	0	0	0	0	0	0	0	0	0	0	0	0	0	0	0	0	0	0	0	0	0	0	0	0	0	0	0	0	0	0	#_70
-2007	1	3	0	0	9.6006	0	0	0	0	0	0	0	0	1	0	2	0	0	1	0	0	0	0	0	0	0	0	0	0	1	1	0	0	1	1	0	0	0	1	0	0	0	0	0	0	0	0	0	0	0	0	0	0	0	0	0	0	0	0	0	0	0	0	0	0	0	0	0	0	0	0	0	0	0	0	0	0	0	0	0	0	0	0	0	0	0	0	0	0	0	0	0	0	0	0	0	0	0	0	0	0	0	0	#_71
-2008	1	3	0	0	7.2005	0	0	0	0	0	0	2	0	0	0	0	0	0	0	0	0	0	0	0	0	0	0	0	0	0	0	0	1	0	0	0	0	0	0	0	0	0	0	0	0	0	0	0	0	0	0	0	0	0	0	0	0	0	0	0	0	0	0	0	0	0	0	0	0	0	0	0	0	0	0	0	0	0	0	0	0	0	0	0	0	0	0	0	0	0	0	0	0	0	0	0	0	0	0	0	0	0	0	#_72
-2009	1	3	0	0	2.4001	0	0	0	0	0	0	0	1	1	0	0	0	0	0	0	0	0	0	0	0	0	0	0	0	0	0	0	0	0	0	0	0	0	0	0	0	0	0	0	0	0	0	0	0	0	0	0	0	0	0	0	0	0	0	0	0	0	0	0	0	0	0	0	0	0	0	0	0	0	0	0	0	0	0	0	0	0	0	0	0	0	0	0	0	0	0	0	0	0	0	0	0	0	0	0	0	0	0	#_73
-2010	1	3	0	0	2.4001	0	0	0	0	0	0	0	0	0	0	0	0	0	0	0	0	0	0	0	0	0	0	0	0	0	0	0	0	1	0	0	0	0	0	0	0	0	0	0	0	0	0	0	0	0	0	0	0	0	0	0	0	0	0	0	0	0	0	0	0	0	0	0	0	0	0	0	0	0	0	0	0	0	0	0	0	0	0	0	0	0	0	0	0	0	0	0	0	0	0	0	0	0	0	0	0	0	0	#_74
-2012	1	3	0	0	2.4001	0	0	0	0	0	0	0	0	0	0	0	0	0	0	0	0	0	0	0	0	0	0	0	1	0	0	0	0	0	0	0	0	0	0	0	0	0	0	0	0	0	0	0	0	0	0	0	0	0	0	0	0	0	0	0	0	0	0	0	0	0	0	0	0	0	0	0	0	0	0	0	0	0	0	0	0	0	0	0	0	0	0	0	0	0	0	0	0	0	0	0	0	0	0	0	0	0	0	#_75
-2013	1	3	0	0	9.6006	0	0	0	0	0	0	0	1	0	0	0	0	0	0	0	0	0	0	0	0	0	0	0	0	0	0	0	1	0	1	0	1	0	0	0	0	0	0	0	0	0	0	0	0	0	0	0	0	0	0	0	0	0	0	0	0	0	0	0	0	0	0	0	0	0	0	0	0	0	0	0	0	0	0	0	0	0	0	0	0	0	0	0	0	0	0	0	0	0	0	0	0	0	0	0	0	0	0	#_76
-2014	1	3	0	0	4.8004	0	0	0	0	0	0	0	0	0	0	0	0	0	0	0	0	0	0	0	0	0	0	0	0	0	0	1	0	0	0	1	0	0	0	0	0	0	0	0	0	0	0	0	0	0	0	0	0	0	0	0	0	0	0	0	0	0	0	0	0	0	0	0	0	0	0	0	0	0	0	0	0	0	0	0	0	0	0	0	0	0	0	0	0	0	0	0	0	0	0	0	0	0	0	0	0	0	0	#_77
1985	7	5	0	0	51.0854	0	0	0	0	1	0	0	0	0	0	0	0	0	0	1	0	1	3	1	0	1	2	1	4	7	4	5	1	6	3	2	2	4	0	1	1	1	0	2	0	1	2	0	0	0	0	0	0	0	0	0	0	0	0	0	0	0	0	0	0	0	0	0	0	0	0	0	0	0	0	0	0	0	0	0	0	0	0	0	0	0	0	0	0	0	0	0	0	0	0	0	0	0	0	0	0	0	0	#_78
-1986	1	5	0	0	23.4142	0	0	0	0	0	0	0	0	0	0	0	0	0	0	0	0	1	1	0	0	1	0	2	1	4	6	3	3	2	2	2	2	0	0	0	0	0	0	0	0	0	0	0	0	0	0	0	0	0	0	0	0	0	0	0	0	0	0	0	0	0	0	0	0	0	0	0	0	0	0	0	0	0	0	0	0	0	0	0	0	0	0	0	0	0	0	0	0	0	0	0	0	0	0	0	0	0	0	#_79
-1987	1	5	0	0	19.1570	0	0	0	0	0	0	0	0	0	0	0	0	1	0	3	2	3	0	2	0	1	0	0	0	0	0	0	2	1	0	0	0	1	0	0	0	0	0	0	0	0	0	0	0	0	0	0	0	0	0	0	0	0	0	0	0	0	0	0	0	0	0	0	0	0	0	0	0	0	0	0	0	0	0	0	0	0	0	0	0	0	0	0	0	0	0	0	0	0	0	0	0	0	0	0	0	0	0	#_80
1988	7	5	0	0	27.6713	0	0	0	0	0	0	0	0	0	0	0	0	0	0	0	1	0	1	0	0	10	0	0	2	1	1	9	0	3	6	0	0	2	0	0	2	0	0	0	0	0	0	0	0	0	0	0	0	0	0	0	0	0	0	0	0	0	0	0	0	0	0	0	0	0	0	0	0	0	0	0	0	0	0	0	0	0	0	0	0	0	0	0	0	0	0	0	0	0	0	0	0	0	0	0	0	0	0	#_81
1989	7	5	0	0	40.4426	0	0	0	0	0	0	0	0	1	0	0	0	0	0	0	0	0	1	1	0	0	1	4	2	2	4	8	2	5	2	0	1	2	0	1	1	1	1	0	1	1	0	0	0	0	0	0	0	0	0	0	0	0	0	0	0	0	0	0	0	0	0	0	0	0	0	0	0	0	0	0	0	0	0	0	0	0	0	0	0	0	0	0	0	0	0	0	0	0	0	0	0	0	0	0	0	0	0	#_82
-1990	1	5	0	0	21.2856	0	0	0	0	0	2	0	1	2	0	0	0	0	0	0	0	0	0	0	0	0	0	1	1	0	1	2	0	3	1	0	2	0	0	0	0	0	0	1	0	0	0	0	0	0	0	0	0	0	0	0	0	0	0	0	0	0	0	0	0	0	0	0	0	0	0	0	0	0	0	0	0	0	0	0	0	0	0	0	0	0	0	0	0	0	0	0	0	0	0	0	0	0	0	0	0	0	0	#_83
-1991	1	5	0	0	10.6428	0	0	0	0	0	0	0	0	0	0	0	0	0	0	0	0	0	0	0	0	1	0	0	0	0	0	1	0	0	1	1	0	1	0	0	0	0	0	0	0	0	0	0	0	0	0	0	0	0	0	0	0	0	0	0	0	0	0	0	0	0	0	0	0	0	0	0	0	0	0	0	0	0	0	0	0	0	0	0	0	0	0	0	0	0	0	0	0	0	0	0	0	0	0	0	0	0	0	#_84
-1992	1	5	0	0	10.6428	0	0	0	0	0	0	0	0	0	0	0	1	0	0	0	0	0	0	0	0	0	1	0	1	0	0	1	0	2	0	0	1	0	0	0	0	0	0	0	0	0	0	0	0	0	0	0	0	0	0	0	0	0	0	0	0	0	0	0	0	0	0	0	0	0	0	0	0	0	0	0	0	0	0	0	0	0	0	0	0	0	0	0	0	0	0	0	0	0	0	0	0	0	0	0	0	0	0	#_85
-1994	1	5	0	0	2.1286	0	0	0	0	0	0	0	0	0	0	1	0	0	0	0	0	0	0	0	0	0	0	0	0	0	0	0	0	0	0	0	0	0	0	0	0	0	0	0	0	0	0	0	0	0	0	0	0	0	0	0	0	0	0	0	0	0	0	0	0	0	0	0	0	0	0	0	0	0	0	0	0	0	0	0	0	0	0	0	0	0	0	0	0	0	0	0	0	0	0	0	0	0	0	0	0	0	0	#_86
-1995	1	5	0	0	6.3856	0	0	0	0	0	0	0	0	0	0	0	0	0	0	0	0	0	0	1	0	0	0	0	0	0	0	1	0	0	0	0	0	0	0	0	0	1	0	0	0	0	0	0	0	0	0	0	0	0	0	0	0	0	0	0	0	0	0	0	0	0	0	0	0	0	0	0	0	0	0	0	0	0	0	0	0	0	0	0	0	0	0	0	0	0	0	0	0	0	0	0	0	0	0	0	0	0	0	#_87
-1997	1	5	0	0	6.3856	0	0	0	0	0	0	0	0	0	0	0	0	0	0	0	0	0	1	0	0	0	0	0	0	1	0	0	0	0	0	0	0	0	0	1	0	0	0	0	0	0	0	0	0	0	0	0	0	0	0	0	0	0	0	0	0	0	0	0	0	0	0	0	0	0	0	0	0	0	0	0	0	0	0	0	0	0	0	0	0	0	0	0	0	0	0	0	0	0	0	0	0	0	0	0	0	0	0	#_88
-1998	1	5	0	0	4.2572	0	0	0	0	0	0	0	0	0	0	0	0	1	0	0	0	0	0	0	1	0	0	0	0	0	0	0	0	0	0	0	0	0	0	0	0	0	0	0	0	0	0	0	0	0	0	0	0	0	0	0	0	0	0	0	0	0	0	0	0	0	0	0	0	0	0	0	0	0	0	0	0	0	0	0	0	0	0	0	0	0	0	0	0	0	0	0	0	0	0	0	0	0	0	0	0	0	0	#_89
-1999	1	5	0	0	2.1286	0	0	0	0	0	0	0	0	0	0	0	0	0	0	1	0	0	0	0	0	0	0	0	0	0	0	0	0	0	0	0	0	0	0	0	0	0	0	0	0	0	0	0	0	0	0	0	0	0	0	0	0	0	0	0	0	0	0	0	0	0	0	0	0	0	0	0	0	0	0	0	0	0	0	0	0	0	0	0	0	0	0	0	0	0	0	0	0	0	0	0	0	0	0	0	0	0	0	#_90
-2003	1	5	0	0	2.1286	0	0	0	0	1	0	0	0	0	0	0	0	0	0	0	0	0	0	0	0	0	0	0	0	0	0	0	0	0	0	0	0	0	0	0	0	0	0	0	0	0	0	0	0	0	0	0	0	0	0	0	0	0	0	0	0	0	0	0	0	0	0	0	0	0	0	0	0	0	0	0	0	0	0	0	0	0	0	0	0	0	0	0	0	0	0	0	0	0	0	0	0	0	0	0	0	0	0	#_91
-2004	1	5	0	0	2.1286	0	0	0	0	0	0	0	0	1	1	3	0	0	0	0	0	0	0	0	0	0	0	0	0	0	0	0	0	0	0	0	0	0	0	0	0	0	0	0	0	0	0	0	0	0	0	0	0	0	0	0	0	0	0	0	0	0	0	0	0	0	0	0	0	0	0	0	0	0	0	0	0	0	0	0	0	0	0	0	0	0	0	0	0	0	0	0	0	0	0	0	0	0	0	0	0	0	0	#_92
-2007	1	5	0	0	8.5142	0	0	0	0	0	0	0	0	1	0	2	0	0	0	1	0	0	0	0	0	1	0	0	1	0	0	0	0	0	0	0	0	0	0	0	0	0	0	0	0	0	0	0	0	0	0	0	0	0	0	0	0	0	0	0	0	0	0	0	0	0	0	0	0	0	0	0	0	0	0	0	0	0	0	0	0	0	0	0	0	0	0	0	0	0	0	0	0	0	0	0	0	0	0	0	0	0	0	#_93
-2008	1	5	0	0	2.1286	0	0	0	0	0	0	0	0	0	0	0	0	0	0	0	0	0	0	0	0	0	0	0	0	0	1	0	0	0	0	0	0	0	0	0	0	0	0	0	0	0	0	0	0	0	0	0	0	0	0	0	0	0	0	0	0	0	0	0	0	0	0	0	0	0	0	0	0	0	0	0	0	0	0	0	0	0	0	0	0	0	0	0	0	0	0	0	0	0	0	0	0	0	0	0	0	0	0	#_94
-2011	1	5	0	0	2.1286	0	0	0	0	0	0	0	0	0	0	0	0	0	0	0	0	0	0	0	0	0	0	0	1	0	0	0	0	0	0	0	0	0	0	0	0	0	0	0	0	0	0	0	0	0	0	0	0	0	0	0	0	0	0	0	0	0	0	0	0	0	0	0	0	0	0	0	0	0	0	0	0	0	0	0	0	0	0	0	0	0	0	0	0	0	0	0	0	0	0	0	0	0	0	0	0	0	0	#_95
-1995	1	6	3	0	4.2796	0	0	0	0	0	0	0	0	0	0	0	0	0	0	0	0	1	1	1	0	1	0	1	1	2	2	4	1	2	4	0	0	1	0	0	0	0	0	0	0	0	0	0	0	0	0	0	0	0	0	0	0	0	0	0	0	0	0	0	0	0	1	1	1	0	0	0	1	0	0	0	0	0	0	0	2	1	0	0	0	0	0	0	0	0	0	0	0	0	0	0	0	0	0	0	0	0	0	#_96
-1996	1	6	3	0	1.8020	0	0	0	0	0	0	0	0	0	0	0	0	0	0	0	0	0	0	0	0	1	0	1	0	0	1	2	0	0	0	0	0	0	0	0	0	0	0	0	0	0	0	0	0	0	0	0	0	0	0	0	0	0	0	0	0	0	0	0	0	0	0	0	0	0	0	0	0	0	0	0	0	0	0	1	1	0	2	0	1	0	0	0	0	1	0	0	0	0	0	0	0	0	0	0	0	0	0	#_97
1997	7	6	3	0	4.7301	0	0	0	0	0	0	0	0	0	0	0	0	0	0	0	0	0	1	1	5	4	3	0	8	1	11	1	3	0	2	0	0	0	0	0	0	0	0	0	0	0	0	0	0	0	0	0	0	0	0	0	0	0	0	0	0	0	0	0	0	0	0	0	0	0	0	1	0	1	2	0	0	3	2	4	0	1	0	0	3	0	0	0	0	0	0	0	0	0	0	0	0	0	0	0	0	0	0	#_98
-1999	1	6	3	0	2.2525	0	0	0	0	0	0	0	0	0	0	0	0	0	0	0	0	0	0	0	2	1	0	0	0	2	0	0	0	1	0	0	0	1	0	0	0	0	0	0	0	0	0	0	0	0	0	0	0	0	0	0	0	0	0	0	0	0	0	0	0	0	0	0	0	1	0	0	0	0	1	0	0	0	0	0	0	0	2	0	0	0	0	0	0	0	0	0	0	0	0	0	0	0	0	0	0	0	0	#_99
-2000	1	6	3	0	4.0545	0	0	0	0	0	0	0	0	0	0	0	0	0	0	1	0	1	0	0	0	2	0	0	5	5	1	0	0	1	0	0	0	0	0	0	0	0	0	0	0	0	0	0	0	0	0	0	0	0	0	0	0	0	0	0	0	0	0	0	0	0	0	0	1	1	0	1	3	0	2	0	1	1	2	0	0	0	0	0	0	0	0	0	0	0	0	0	0	0	0	0	0	0	0	0	0	0	0	#_100
2001	7	6	3	0	6.5321	0	0	0	0	0	0	0	0	0	0	0	0	0	0	0	2	1	0	1	0	3	0	7	6	6	5	1	0	5	0	2	0	1	0	0	0	0	0	0	0	0	0	0	0	0	0	0	0	0	0	0	0	0	0	0	0	1	0	0	0	0	0	0	0	0	0	1	1	0	1	0	2	0	1	2	1	0	1	0	0	0	0	0	0	0	0	0	0	0	0	0	0	0	0	0	0	0	0	#_101
2002	7	6	3	0	9.0099	0	0	0	0	0	0	0	0	0	0	0	0	1	0	0	2	0	0	2	0	2	0	9	3	2	6	1	0	7	0	0	1	0	0	0	0	1	0	0	0	0	0	0	0	0	0	0	0	0	0	0	0	0	0	0	0	0	0	0	0	0	0	0	0	0	0	1	0	0	0	0	3	2	3	3	2	0	7	0	0	0	1	1	0	0	2	0	0	0	0	0	0	0	0	0	0	0	0	#_102
2003	7	6	3	0	5.6312	0	0	0	0	0	0	1	0	0	0	0	0	1	0	1	1	1	1	1	0	10	0	1	2	5	0	3	0	4	0	0	0	1	0	0	0	0	0	0	0	0	0	0	0	0	0	0	0	0	0	0	0	0	0	0	0	0	0	0	0	0	0	0	1	0	0	1	0	0	1	0	0	0	2	0	0	0	1	0	0	0	0	0	0	0	0	0	0	0	0	0	0	0	0	0	0	0	0	#_103
-2004	1	6	3	0	4.7301	0	0	0	0	0	0	0	0	0	0	0	0	0	0	0	0	1	0	0	0	3	0	3	1	2	0	0	1	3	0	0	1	0	0	0	0	1	0	0	0	0	0	0	0	0	0	0	0	0	0	0	0	0	0	0	0	0	0	0	1	0	0	0	0	1	1	0	0	0	0	0	1	0	1	0	0	0	2	0	0	1	0	0	0	0	0	0	0	1	0	0	0	0	0	0	0	0	0	#_104
-2005	1	6	3	0	1.1262	0	0	0	0	0	0	0	0	0	0	0	0	0	0	0	0	0	0	0	0	0	0	0	0	1	0	0	0	0	0	0	0	0	0	0	0	0	0	0	0	0	0	0	0	0	0	0	0	0	0	0	0	0	0	0	0	0	0	0	0	0	0	1	0	0	0	0	0	0	0	0	0	0	0	1	1	1	0	0	0	0	0	0	0	0	0	0	0	0	0	0	0	0	0	0	0	0	0	#_105
-2006	1	6	3	0	2.4777	0	0	0	0	0	0	0	0	0	0	0	0	0	0	0	0	0	0	0	1	0	1	0	0	0	1	1	0	1	4	0	0	0	0	0	0	0	0	0	0	0	0	0	0	0	0	0	0	0	0	0	0	0	0	0	0	0	0	0	0	0	0	0	1	0	1	0	0	0	0	0	1	0	0	0	1	0	0	0	0	0	0	0	0	0	0	0	0	0	0	0	0	0	0	0	0	0	0	#_106
-2007	1	6	3	0	3.1534	0	0	0	0	0	0	0	0	0	0	0	0	0	0	0	0	0	0	0	1	1	0	0	0	2	5	1	2	4	0	2	0	0	0	0	0	0	0	1	0	1	0	0	0	0	0	0	0	0	0	0	0	0	0	0	0	0	0	0	0	0	0	0	0	0	0	0	0	0	0	1	1	0	0	0	3	0	0	0	0	0	0	0	0	0	0	0	0	0	0	0	0	0	0	0	0	0	0	#_107
-2008	1	6	3	0	3.6039	0	0	0	0	0	0	0	0	0	0	0	0	0	0	0	0	0	0	0	0	0	3	1	2	0	1	1	0	2	0	0	0	0	0	0	0	0	0	0	0	0	0	0	0	0	0	0	0	0	0	0	0	0	0	0	0	0	0	0	0	0	0	0	0	0	0	0	0	1	0	1	2	1	2	1	1	1	0	0	0	0	0	0	0	0	0	0	0	0	0	0	0	0	0	0	0	0	0	#_108
2009	7	6	3	0	9.4603	0	0	0	0	0	0	1	0	0	0	0	0	0	0	0	0	0	0	0	0	0	0	2	2	6	2	4	5	9	4	0	1	0	0	0	1	0	0	0	0	0	0	0	0	0	0	0	0	0	0	0	0	0	0	0	0	0	0	0	1	0	0	0	1	0	0	0	1	0	2	1	2	7	5	6	11	1	1	0	0	0	0	0	0	0	0	0	0	0	0	0	0	0	0	0	0	0	0	#_109
2010	7	6	3	0	8.5593	0	0	0	0	0	0	0	0	0	0	0	0	0	0	0	1	0	0	0	0	5	1	5	0	6	4	4	8	8	3	3	0	0	0	0	1	0	0	0	0	0	0	0	0	0	0	0	0	0	0	0	0	0	0	0	0	0	0	0	1	2	0	0	0	1	1	0	0	1	3	1	5	2	7	3	1	2	4	0	1	0	0	0	0	0	0	0	0	0	0	0	0	0	0	0	0	0	0	#_110
2011	7	6	3	0	11.2623	0	0	0	0	0	0	0	0	0	0	0	0	0	0	0	0	1	0	0	0	2	1	0	4	6	9	11	6	8	6	5	0	1	1	0	0	0	0	0	0	0	0	0	0	0	0	0	0	0	0	0	0	0	0	0	0	0	0	0	0	0	0	0	0	0	0	0	0	0	2	0	1	4	7	7	17	3	3	3	0	0	0	0	0	1	0	0	0	0	0	0	0	0	0	0	0	0	0	#_111
2012	7	6	3	0	12.1633	0	0	0	0	0	0	0	0	0	0	1	0	1	0	0	0	0	0	0	1	0	0	3	5	4	7	9	7	16	3	5	1	0	0	0	0	0	0	0	0	0	0	0	0	0	0	0	0	0	0	0	0	0	0	0	0	0	0	0	0	0	0	0	0	0	0	0	0	0	0	0	6	5	5	7	10	5	3	0	1	0	0	0	0	0	0	0	1	0	0	0	0	0	0	0	0	0	0	#_112
2013	7	6	3	0	7.8836	0	0	0	0	0	0	0	1	0	0	0	0	0	0	0	0	0	1	0	0	0	1	6	0	4	5	6	6	5	4	3	2	0	1	1	0	0	0	0	0	0	0	0	0	0	0	0	0	0	0	0	0	0	0	0	0	0	0	0	0	0	0	0	0	0	0	0	0	0	3	0	0	3	4	3	7	2	5	0	2	0	0	0	0	0	0	0	0	0	0	0	0	0	0	0	0	0	0	#_113
2014	7	6	3	0	7.4331	0	0	0	0	0	0	0	0	0	0	0	0	0	0	1	0	0	0	0	0	0	0	0	1	1	3	7	4	10	5	3	2	0	2	0	0	0	0	0	0	0	0	0	0	0	0	0	0	0	0	0	0	0	0	0	0	0	0	0	0	0	0	0	0	0	0	0	0	0	0	0	0	0	4	4	4	8	5	2	0	0	0	0	0	0	0	0	0	0	0	0	0	0	0	0	0	0	0	#_114
2015	7	6	3	0	13.7400	0	0	0	0	0	0	0	0	0	0	1	1	1	1	1	2	3	1	0	4	2	0	1	5	3	9	16	9	14	11	10	6	3	1	0	0	0	0	0	0	0	0	0	0	0	0	0	0	0	0	0	0	0	0	0	0	0	0	0	0	0	0	0	0	0	1	0	1	0	0	1	1	1	4	6	10	11	9	3	0	0	0	0	0	0	0	0	0	0	0	0	0	0	0	0	0	0	0	#_115
-9999	0	0	0	0	0	0	0	0	0	0	0	0	0	0	0	0	0	0	0	0	0	0	0	0	0	0	0	0	0	0	0	0	0	0	0	0	0	0	0	0	0	0	0	0	0	0	0	0	0	0	0	0	0	0	0	0	0	0	0	0	0	0	0	0	0	0	0	0	0	0	0	0	0	0	0	0	0	0	0	0	0	0	0	0	0	0	0	0	0	0	0	0	0	0	0	0	0	0	0	0	0	0	0	#_terminator
0 #_N_agebins
#
#_MeanSize_at_Age_obs
0 #_use_MeanSize_at_Age_obs
0 #_N_environ_variables
0 #_N_sizefreq_methods
0 #_do_tags
0 #_morphcomp_data
0 #_use_selectivity_priors
#
999
